0
1
2
3
4
5
6
7
8
9
10
11
12
13
14
15
16
17
18
19
57
103
143
174
242
247
291
370
383
422
486
499
507
531
574
660
785
831
902
1000
1183
1202
1324
1357
1436
1491
1511
1578
1584
1705
1860
1954
1968
2034
2104
2117
2215
2289
2328
2436
2490
2519
2538
2827
2866
2995
3044
3057
3123
3596
3775
4313
4459
4557
5067
5088
5232
5266
5294
5461
6117
6283
7616
7982
8705
8878
9275
9364
9623
9692
10124
10668
11237
11753
13250
14250
14425
14776
14795
15487
23441
23680
25291
25766
32735
34634
37070
47207
55234
55339
