0
1
2
3
4
5
6
7
8
9
10
11
12
13
14
15
16
17
18
19
36
40
43
67
97
98
110
144
157
199
241
255
348
350
353
362
390
398
399
451
491
536
541
565
593
596
626
657
660
678
688
733
819
862
868
1033
1075
1092
1203
1204
1279
1356
1425
1605
1650
1793
1800
1966
2022
2203
2205
2426
2624
2639
2645
2679
2716
3443
3505
3640
3646
3756
4146
4182
4199
4400
4437
4853
5113
5318
5543
6209
6691
6748
6883
6961
6979
7490
7565
7579
7645
7798
7802
8008
8193
8897
9432
10347
10362
10393
10412
10448
10665
10723
11688
11734
11739
12645
13233
13874
14542
16072
16740
17168
18759
19537
20230
21235
22854
23566
27880
28288
29338
32554
34843
36823
36939
39942
41781
43296
43297
46898
47232
49293
49304
50062
52665
52992
55366
55621
