0
1
2
3
4
5
6
7
8
9
10
11
12
13
14
15
16
17
18
19
20
21
24
25
29
31
32
33
35
36
38
41
43
44
46
49
50
51
54
55
56
58
61
63
64
69
72
75
77
83
85
87
88
89
90
91
94
96
98
99
103
104
106
110
112
114
115
116
117
125
126
127
128
135
138
140
148
151
152
153
156
157
163
164
165
168
171
175
178
181
185
186
194
196
197
198
203
206
215
217
222
223
227
228
237
240
254
255
264
265
266
272
277
280
281
287
293
305
309
312
319
320
321
328
331
335
336
342
347
383
387
422
424
426
427
437
451
469
472
473
475
480
492
525
565
580
604
640
643
698
727
729
801
905
924
940
1165
1217
1743
1916
2264
2290
2315
2316
3411
4318
4499
5003
6075
7039
45452
