0
1
2
3
4
5
6
7
8
9
10
11
12
13
14
15
16
17
18
19
20
21
23
26
28
30
36
37
47
50
56
58
59
61
65
67
83
92
95
96
97
98
105
114
116
118
119
123
133
139
140
147
157
167
168
170
187
192
203
204
209
211
214
233
236
238
241
252
258
259
266
267
270
273
285
287
289
318
321
327
330
332
335
342
348
362
378
402
407
412
421
444
462
490
505
527
536
541
563
564
573
606
630
636
683
687
721
729
758
779
790
799
801
805
823
826
834
846
868
885
891
912
942
965
973
990
1026
1046
1059
1062
1086
1289
1322
1462
1566
1603
1747
1845
1877
1912
1956
2207
2470
2522
2811
2893
2902
3389
3552
3674
3878
4050
4115
4414
4572
4844
5242
6390
6452
6866
7547
7788
7877
8642
10023
10268
11054
11281
11318
12352
13002
16742
17644
19798
21859
22411
22572
24216
27015
27021
27042
43388
43641
44260
52648
55803
