0
1
2
3
4
5
6
7
8
9
10
11
12
13
14
15
16
17
18
19
29
83
102
156
173
179
190
197
202
215
226
230
313
345
416
445
458
463
466
496
514
529
541
579
611
671
675
721
786
801
815
832
871
876
999
1028
1031
1122
1254
1284
1286
1334
1468
1568
1594
1658
1713
1758
1794
1972
2133
2140
2142
2180
2244
2249
2256
2273
2307
2336
2528
2553
2617
2765
2783
2856
2933
3128
3397
3450
3519
3616
3629
3655
3721
3748
3785
3870
3880
4018
4074
4075
4251
4316
4331
4384
4580
4613
4674
4736
5220
5296
5449
5484
5937
6066
6092
6193
6382
6465
6544
6609
6746
7140
7156
7196
7451
7476
7528
7749
7907
8057
8317
8430
8724
8940
9182
9428
9630
9872
9949
10242
10455
10772
10923
11108
11386
11561
12125
12214
12485
13013
13180
13218
13637
13760
14333
15548
15585
16070
16167
16273
16521
16623
16936
16944
18237
19461
19814
20278
20928
20930
21468
22159
22506
23678
25280
26182
28594
30785
32400
32432
34028
36762
45839
49860
50655
52065
52943
60321
