0
1
2
3
4
5
6
7
8
9
10
11
12
13
14
15
16
17
18
19
20
26
42
44
46
59
78
96
110
120
121
131
161
163
188
195
196
199
213
226
249
251
256
260
270
272
344
379
381
408
409
433
469
525
533
562
608
628
651
678
738
740
750
769
906
933
938
955
1001
1025
1033
1111
1347
1372
1537
1627
1643
1711
1774
1849
2031
2081
2241
2256
2317
2325
2342
2420
2555
2680
2910
3112
3249
3376
3431
3821
4092
4732
4787
5508
5641
6077
7485
7611
7755
8205
8482
9474
9739
10141
11373
11537
11995
12390
13551
13861
14071
15502
16332
19894
22633
30314
35455
35741
39968
47385
