0
1
2
3
4
5
6
7
8
9
10
11
12
13
14
15
16
17
18
19
28
40
47
52
55
60
61
63
70
78
95
99
102
124
133
136
169
191
231
239
277
280
289
297
325
345
393
394
444
484
501
524
557
568
572
590
654
671
684
685
704
745
778
787
822
853
887
985
987
1028
1071
1072
1152
1185
1224
1225
1291
1407
1437
1611
1643
1677
1838
1889
2050
2168
2290
2661
3079
3138
3303
3309
3317
3399
3438
3621
3625
3666
3678
3754
3967
4130
4193
4369
4407
4461
4723
4751
4779
4831
4970
5105
5318
5658
5942
6069
6790
7502
8367
9100
10057
12171
12653
12950
13388
13873
13982
16972
16973
24060
24373
28602
31734
38821
