0
1
2
3
4
5
6
7
8
9
10
11
12
13
14
15
16
17
18
19
26
28
30
32
40
47
54
56
60
61
62
64
68
72
84
96
98
99
101
108
115
118
119
127
136
143
148
155
159
162
172
178
184
186
192
199
209
218
219
227
238
241
257
276
295
308
326
329
335
367
389
396
405
461
509
517
518
562
658
680
687
701
705
721
726
807
884
918
1047
1084
1096
1194
1238
1256
1307
1315
1366
1400
1570
1594
1643
1681
1833
1899
1951
2033
2338
2494
2506
2620
3602
3680
4776
4862
5920
6763
7522
8132
9365
13825
14731
19049
24436
37027
52718
57791
