0
1
2
3
4
5
6
7
8
9
10
11
12
13
14
15
16
17
18
19
22
26
36
58
75
86
93
94
96
100
101
112
114
120
122
123
124
134
149
154
157
166
168
183
198
216
222
227
230
256
296
297
305
309
315
319
327
346
355
362
378
391
403
423
429
504
515
516
532
543
611
730
793
838
949
968
975
987
990
1052
1054
1213
1272
1320
1477
1504
2144
2262
2439
2596
3077
3271
3336
4632
5186
5261
5618
5740
8168
8492
9126
9915
9983
10712
10939
12214
13192
14424
14826
20444
23886
24467
24887
25339
26141
27622
29754
30154
32883
34539
36203
37536
38791
39111
39263
39596
40158
41178
41378
41379
43770
46987
47034
53299
54040
55160
55583
