0
1
2
3
4
5
6
7
8
9
10
11
12
13
14
15
16
17
18
19
20
22
23
24
25
28
29
31
36
37
38
39
41
43
44
46
49
52
53
56
57
58
66
71
73
82
83
87
89
91
98
103
108
113
116
117
119
126
127
128
142
153
157
161
162
176
183
193
197
198
203
210
214
218
220
222
230
235
253
267
272
274
297
302
321
347
368
372
384
430
468
547
585
590
617
630
647
661
697
720
731
743
1287
1321
1362
1440
1477
1559
2022
2023
2231
2436
2917
3180
3248
3438
3933
4202
4401
4811
5055
5371
5612
5757
5782
6602
6720
6819
7098
7328
8445
9465
10534
10728
12488
13198
19025
21826
24592
30220
31154
31773
38210
60768
62007
62051
